0.0
0.0
-3.0517578125E-5
0.0
0.0
0.0
0.0
-3.0517578125E-5
0.0
0.0
0.0
0.0
0.0
0.0
0.0
0.0
0.0
0.0
0.0
0.0
0.0
0.0
-3.0517578125E-5
0.0
0.0
0.0
0.0
0.0
0.0
0.0
0.0
0.0
3.0517578125E-5
0.0
-3.0517578125E-5
0.0
0.0
0.0
0.0
0.0
0.0
0.0
0.0
0.0
0.0
0.0
0.0
0.0
0.0
0.0
0.0
0.0
0.0
0.0
-3.0517578125E-5
0.0
0.0
0.0
0.0
0.0
0.0
0.0
0.0
0.0
0.0
0.0
0.0
0.0
3.0517578125E-5
0.0
0.0
0.0
0.0
0.0
0.0
0.0
3.0517578125E-5
0.0
0.0
0.0
3.0517578125E-5
3.0517578125E-5
0.0
0.0
0.0
-3.0517578125E-5
3.0517578125E-5
3.0517578125E-5
0.0
0.0
0.0
0.0
0.0
0.0
0.0
3.0517578125E-5
0.0
0.0
0.0
3.0517578125E-5
