0.0
0.0
0.0
-1.52587890625E-5
-3.0517578125E-5
-1.52587890625E-5
0.0
0.0
0.0
0.0
0.0
0.0
0.0
-1.52587890625E-5
-3.0517578125E-5
-1.52587890625E-5
0.0
0.0
0.0
0.0
0.0
0.0
0.0
0.0
0.0
0.0
0.0
0.0
0.0
0.0
0.0
0.0
0.0
0.0
0.0
0.0
0.0
0.0
0.0
0.0
0.0
0.0
0.0
-1.52587890625E-5
-3.0517578125E-5
-1.52587890625E-5
0.0
0.0
0.0
0.0
0.0
0.0
0.0
0.0
0.0
0.0
0.0
0.0
0.0
0.0
0.0
0.0
0.0
1.52587890625E-5
3.0517578125E-5
1.52587890625E-5
0.0
-1.52587890625E-5
-3.0517578125E-5
-1.52587890625E-5
0.0
0.0
0.0
0.0
0.0
0.0
0.0
0.0
0.0
0.0
0.0
0.0
0.0
0.0
0.0
0.0
0.0
0.0
0.0
0.0
0.0
0.0
0.0
0.0
0.0
0.0
0.0
0.0
0.0
0.0
